received=44516.0 KB rate=14.923857017139504 Mbps
sent=44516.0 KB rate=16.566404614597385 Mbps
