received=57930.0 KB rate=18.784808074257224 Mbps
sent=57930.0 KB rate=21.996297878399545 Mbps