received=65096.0 KB rate=22.699328742045157 Mbps
sent=65096.0 KB rate=25.65991623552599 Mbps
