received=81908.0 KB rate=28.38852785720475 Mbps
sent=81908.0 KB rate=32.012506717475205 Mbps
