received=68771.0 KB rate=23.811642501623027 Mbps
sent=68771.0 KB rate=26.930735718831073 Mbps
