received=68851.0 KB rate=23.857928704465717 Mbps
sent=68851.0 KB rate=26.775946721112245 Mbps
