received=55725.0 KB rate=18.568810396534488 Mbps
sent=55725.0 KB rate=20.013468013468014 Mbps
